[{"id": 0, "img_name": "1/000135", "width": 640, "height": 360, "position": [-3.630776032302426, -0.6655183269721505, -0.7240392994096635], "rotation": [[0.05361535709272794, 0.023569440952799753, 0.9982834825401846], [0.6379545681226085, 0.7682889902165998, -0.052402256744471944], [-0.7682052678451083, 0.6396690876645458, 0.026155854510995377]], "fy": 464.4333333333334, "fx": 465.66666666666674}, {"id": 1, "img_name": "2/000135", "width": 640, "height": 360, "position": [-0.015390828317099425, -3.4088726125086137, 1.826962438125233], "rotation": [[-0.9971052775961956, 0.05175513051155874, -0.05570016847364144], [-0.012600670981929565, 0.609962848196354, 0.7923298309606694], [0.07498216500843073, 0.7907380534208358, -0.6075450431724816]], "fy": 465.3966666666667, "fx": 466.3833333333334}, {"id": 2, "img_name": "3/000135", "width": 640, "height": 360, "position": [-2.319466604930447, -1.430846571446427, 1.505061619101171], "rotation": [[-0.6213705421335309, -0.028746754912662178, 0.7829893051572546], [0.07421863150840367, 0.992673726867691, 0.09534411157111576], [-0.7799937708386153, 0.11735641319260137, -0.6146846848420855]], "fy": 464.78333333333336, "fx": 466.05333333333334}, {"id": 3, "img_name": "4/000135", "width": 640, "height": 360, "position": [-3.2289412314289616, -2.037398749017984, 0.6296791976705601], "rotation": [[-0.5302378550158171, -0.011956055905139285, 0.8477646519851197], [0.6361780847703066, 0.655371704379373, 0.40714292473409297], [-0.560468725139781, 0.7552119011182387, -0.3398966809249692]], "fy": 543.51, "fx": 544.7733333333334}, {"id": 4, "img_name": "5/000135", "width": 640, "height": 360, "position": [0.9540577522508276, -1.5095192636874548, 2.6032639368105737], "rotation": [[-0.931416353819447, -0.010850710690422571, -0.3637936099564589], [-0.02153429669990047, 0.9994473215542012, 0.025323928148693654], [0.363317785436403, 0.0314211598106113, -0.9311352491773521]], "fy": 464.4533333333334, "fx": 465.61333333333334}, {"id": 5, "img_name": "6/000135", "width": 640, "height": 360, "position": [1.3327291468655427, 2.1667097820496037, -2.91392440702029], "rotation": [[0.9450440277523594, -0.048841566352436555, -0.32327440515839], [-0.21353544006109657, 0.6565432147031739, -0.7234318655535806], [0.24757715325715995, 0.7527054807517984, 0.6100328305842198]], "fy": 464.06666666666666, "fx": 465.27333333333326}, {"id": 6, "img_name": "7/000135", "width": 640, "height": 360, "position": [-1.2289772388138278, -3.0125163597814426, 1.8964618358273087], "rotation": [[-0.9420919485346736, -0.03735211900542081, 0.3332680335329327], [0.18004594684857947, 0.7820722209439172, 0.5966124970227616], [-0.28292442274235124, 0.6220673937688187, -0.7300588619708638]], "fy": 464.5933333333333, "fx": 465.6500000000001}, {"id": 7, "img_name": "8/000135", "width": 640, "height": 360, "position": [0.9114719403272412, -1.2314719329671948, -2.75686692821126], "rotation": [[0.9583994797991138, 0.01778643362759985, -0.284875548992158], [-0.03324850268242081, 0.9982189446253936, -0.04953248177782783], [0.28348718174954557, 0.05694358809709665, 0.957283868382808]], "fy": 546.03, "fx": 547.4133333333334}, {"id": 8, "img_name": "9/000135", "width": 640, "height": 360, "position": [-2.29299046008282, -1.5673007381784252, 1.0455999011987844], "rotation": [[-0.317051254194409, -0.08465303079759919, 0.9446228629411426], [-0.12444401004791615, 0.9911104311944697, 0.04705092015839155], [-0.9402085616281333, -0.10263509891452444, -0.32476736658750055]], "fy": 464.9966666666667, "fx": 466.17}, {"id": 9, "img_name": "11/000135", "width": 640, "height": 360, "position": [1.873917077947606, 0.1888341511300327, -2.9377327301970566], "rotation": [[0.8134028618117267, 0.04088800358064937, -0.5802619805640643], [-0.28465329287801333, 0.8979104655424786, -0.3357518373213478], [0.5072951242224295, 0.438274980585418, 0.7420018412684118]], "fy": 496.43000000000006, "fx": 497.6166666666667}, {"id": 10, "img_name": "12/000135", "width": 640, "height": 360, "position": [0.4681924698317081, -2.3913084067747548, 2.5034428766283083], "rotation": [[-0.995160584169658, 0.0426467768689977, -0.08852496070375042], [-0.0022500386322400075, 0.8907812960264605, 0.454426649193485], [0.09823621502580777, 0.4524266713688233, -0.8863745252936871]], "fy": 464.1933333333333, "fx": 465.38}, {"id": 11, "img_name": "13/000135", "width": 640, "height": 360, "position": [3.561526464421512, -1.5172707604655518, 0.07546766229721832], "rotation": [[-0.28630236421637245, 0.07337976499554513, -0.9553252913894301], [-0.7560233760165607, 0.5952186725438696, 0.27229289364319376], [0.5886082312252567, 0.8002063320282878, -0.11493570420397607]], "fy": 529.0966666666667, "fx": 530.2966666666667}, {"id": 12, "img_name": "14/000135", "width": 640, "height": 360, "position": [-1.35376611072846, -1.7144938914600394, -2.088104154724781], "rotation": [[0.8242511736856285, -0.0789032183301059, 0.5606998124425042], [0.01905362982533981, 0.9935474984004937, 0.1118051245427704], [-0.5659036712621629, -0.08147214168673651, 0.8204360610407525]], "fy": 548.3666666666667, "fx": 549.87}, {"id": 13, "img_name": "16/000135", "width": 640, "height": 360, "position": [-2.162236007219833, -0.09091051589361879, -2.7511531387961057], "rotation": [[0.7690329751889246, 0.0020716735743964458, 0.6392057708693559], [0.25415490201737595, 0.9165593544317712, -0.3087461591727512], [-0.5865096720438016, 0.39989326209224796, 0.7043378585535173]], "fy": 474.7133333333334, "fx": 476.04333333333335}, {"id": 14, "img_name": "17/000135", "width": 640, "height": 360, "position": [2.930807962565828, 0.3908946268474956, -2.3295583072823716], "rotation": [[0.5046973739070152, 0.09463988840465799, -0.8580931485802514], [-0.6045541647385645, 0.7483055042169217, -0.27304418507465333], [0.616274942813834, 0.6565684876462994, 0.43488277808632175]], "fy": 463.5199999999999, "fx": 464.4866666666667}, {"id": 15, "img_name": "18/000135", "width": 640, "height": 360, "position": [-2.9280275747928624, -1.6712442071941038, 0.8687941672217265], "rotation": [[-0.4048572177774299, -0.0013470256557694803, 0.914378908996161], [0.36460703051196597, 0.9168217922985792, 0.16278674631527967], [-0.8385417870140516, 0.3992943787665479, -0.3706907709489672]], "fy": 513.2733333333333, "fx": 514.6}, {"id": 16, "img_name": "19/000135", "width": 640, "height": 360, "position": [-2.4100685078021646, 1.793399423283619, -2.4304027022216474], "rotation": [[0.7354897267215919, 0.009441179439737072, 0.6774700972112061], [0.5177222852186384, 0.637173908101963, -0.5709404886696244], [-0.43705660125043405, 0.7706622286680025, 0.46374692436178466]], "fy": 464.66666666666674, "fx": 465.81333333333345}, {"id": 17, "img_name": "20/000135", "width": 640, "height": 360, "position": [2.4492232253134993, -1.7943182776590825, 1.3924649872998902], "rotation": [[-0.6234771190780075, 0.038369580201906624, -0.7808995257369681], [-0.13937278078630808, 0.977342971225156, 0.15929830944291834], [0.7693188578052598, 0.2081549886512756, -0.6040032777637796]], "fy": 466.5066666666667, "fx": 467.69666666666666}, {"id": 18, "img_name": "21/000135", "width": 640, "height": 360, "position": [3.2565667786137364, -1.1584502534186987, 0.479908717351278], "rotation": [[-0.25931196646926774, -0.04847977474007453, -0.9645760939337752], [-0.45342970921447184, 0.8879362637735045, 0.07727001223923324], [0.8527360688414646, 0.4574045045490664, -0.2522346848973731]], "fy": 464.65999999999997, "fx": 465.93333333333334}, {"id": 19, "img_name": "22/000135", "width": 640, "height": 360, "position": [-1.0435964455946238, -1.9462644963504676, 2.4773438305027984], "rotation": [[-0.9331860363833651, -0.030191513396892123, 0.3581233657891103], [0.07422498766406713, 0.9587914429034172, 0.27424373287113557], [-0.35164542808267235, 0.2825021311167756, -0.892489804818671]], "fy": 504.20666666666676, "fx": 505.52333333333337}, {"id": 20, "img_name": "23/000135", "width": 640, "height": 360, "position": [-2.570044554100482, -0.7169962123865782, -1.644340955421966], "rotation": [[0.5164778532343949, 0.013711193223980704, 0.8561907759527508], [0.14171174255943658, 0.984715895321017, -0.10125385574255388], [-0.8444929864213393, 0.17362767032098678, 0.5066409689242047]], "fy": 522.82, "fx": 524.3966666666668}, {"id": 21, "img_name": "24/000135", "width": 640, "height": 360, "position": [2.4895435178959837, -1.1212920862986275, 1.2351678616285968], "rotation": [[-0.3848193431210276, -0.05845218950089314, -0.9211392133403612], [0.024983964564927432, 0.996967334620953, -0.07370138730223663], [0.9226536978457796, -0.051375428570883286, -0.38219193997854445]], "fy": 465.29333333333335, "fx": 466.51}, {"id": 22, "img_name": "25/000135", "width": 640, "height": 360, "position": [1.5457825569979842, -1.5541829631187978, -2.022089322263498], "rotation": [[0.7939811236222947, 0.0012904873156268579, -0.6079410368845501], [0.04509885120729017, 0.9971173767219088, 0.061016449354632664], [0.6062673014461066, -0.075863351762775, 0.7916341792195126]], "fy": 464.88333333333327, "fx": 465.9}, {"id": 23, "img_name": "26/000135", "width": 640, "height": 360, "position": [1.5266567158519246, -0.7980296662439664, 2.2176317456783954], "rotation": [[-0.7561120382076342, -0.04307648358234625, -0.6530229981154314], [0.13895278379968068, 0.9645134918599872, -0.22451236786348278], [0.6395206672019097, -0.26049585090721117, -0.7232946907903373]], "fy": 537.6166666666667, "fx": 539.0100000000001}, {"id": 24, "img_name": "27/000135", "width": 640, "height": 360, "position": [-0.705661536246953, -0.3934871209939504, -3.249691124198818], "rotation": [[0.9780344951559927, 0.028910407262594365, 0.2064284730747947], [0.02547484970729106, 0.966332516854817, -0.2560322681513636], [-0.20688053720658314, 0.2556671192733956, 0.944370042554167]], "fy": 618.9733333333334, "fx": 620.56}, {"id": 25, "img_name": "28/000135", "width": 640, "height": 360, "position": [2.7797333922947165, -2.2479650113367087, 1.201854790040487], "rotation": [[-0.6299624835807973, -0.02908245514988394, -0.7760808768475949], [-0.5133975989181545, 0.7653997746800624, 0.3880542643163623], [0.5827265274076274, 0.6428976693297694, -0.4971039915506273]], "fy": 464.23, "fx": 465.31}, {"id": 26, "img_name": "29/000135", "width": 640, "height": 360, "position": [2.7486859729758097, -1.2054626842810838, -1.4361328605128567], "rotation": [[0.48927896375277696, -0.07261726348943885, -0.8690988740778969], [-0.08247473055601466, 0.9882088739560159, -0.1290004794632338], [0.8682188459347205, 0.13479591513963496, 0.47752073187945526]], "fy": 465.7366666666667, "fx": 466.8433333333333}, {"id": 27, "img_name": "1/000136", "width": 640, "height": 360, "position": [-3.630776032302426, -0.6655183269721505, -0.7240392994096635], "rotation": [[0.05361535709272794, 0.023569440952799753, 0.9982834825401846], [0.6379545681226085, 0.7682889902165998, -0.052402256744471944], [-0.7682052678451083, 0.6396690876645458, 0.026155854510995377]], "fy": 464.4333333333334, "fx": 465.66666666666674}, {"id": 28, "img_name": "2/000136", "width": 640, "height": 360, "position": [-0.015390828317099425, -3.4088726125086137, 1.826962438125233], "rotation": [[-0.9971052775961956, 0.05175513051155874, -0.05570016847364144], [-0.012600670981929565, 0.609962848196354, 0.7923298309606694], [0.07498216500843073, 0.7907380534208358, -0.6075450431724816]], "fy": 465.3966666666667, "fx": 466.3833333333334}, {"id": 29, "img_name": "3/000136", "width": 640, "height": 360, "position": [-2.319466604930447, -1.430846571446427, 1.505061619101171], "rotation": [[-0.6213705421335309, -0.028746754912662178, 0.7829893051572546], [0.07421863150840367, 0.992673726867691, 0.09534411157111576], [-0.7799937708386153, 0.11735641319260137, -0.6146846848420855]], "fy": 464.78333333333336, "fx": 466.05333333333334}, {"id": 30, "img_name": "4/000136", "width": 640, "height": 360, "position": [-3.2289412314289616, -2.037398749017984, 0.6296791976705601], "rotation": [[-0.5302378550158171, -0.011956055905139285, 0.8477646519851197], [0.6361780847703066, 0.655371704379373, 0.40714292473409297], [-0.560468725139781, 0.7552119011182387, -0.3398966809249692]], "fy": 543.51, "fx": 544.7733333333334}, {"id": 31, "img_name": "5/000136", "width": 640, "height": 360, "position": [0.9540577522508276, -1.5095192636874548, 2.6032639368105737], "rotation": [[-0.931416353819447, -0.010850710690422571, -0.3637936099564589], [-0.02153429669990047, 0.9994473215542012, 0.025323928148693654], [0.363317785436403, 0.0314211598106113, -0.9311352491773521]], "fy": 464.4533333333334, "fx": 465.61333333333334}, {"id": 32, "img_name": "6/000136", "width": 640, "height": 360, "position": [1.3327291468655427, 2.1667097820496037, -2.91392440702029], "rotation": [[0.9450440277523594, -0.048841566352436555, -0.32327440515839], [-0.21353544006109657, 0.6565432147031739, -0.7234318655535806], [0.24757715325715995, 0.7527054807517984, 0.6100328305842198]], "fy": 464.06666666666666, "fx": 465.27333333333326}, {"id": 33, "img_name": "7/000136", "width": 640, "height": 360, "position": [-1.2289772388138278, -3.0125163597814426, 1.8964618358273087], "rotation": [[-0.9420919485346736, -0.03735211900542081, 0.3332680335329327], [0.18004594684857947, 0.7820722209439172, 0.5966124970227616], [-0.28292442274235124, 0.6220673937688187, -0.7300588619708638]], "fy": 464.5933333333333, "fx": 465.6500000000001}, {"id": 34, "img_name": "8/000136", "width": 640, "height": 360, "position": [0.9114719403272412, -1.2314719329671948, -2.75686692821126], "rotation": [[0.9583994797991138, 0.01778643362759985, -0.284875548992158], [-0.03324850268242081, 0.9982189446253936, -0.04953248177782783], [0.28348718174954557, 0.05694358809709665, 0.957283868382808]], "fy": 546.03, "fx": 547.4133333333334}, {"id": 35, "img_name": "9/000136", "width": 640, "height": 360, "position": [-2.29299046008282, -1.5673007381784252, 1.0455999011987844], "rotation": [[-0.317051254194409, -0.08465303079759919, 0.9446228629411426], [-0.12444401004791615, 0.9911104311944697, 0.04705092015839155], [-0.9402085616281333, -0.10263509891452444, -0.32476736658750055]], "fy": 464.9966666666667, "fx": 466.17}, {"id": 36, "img_name": "11/000136", "width": 640, "height": 360, "position": [1.873917077947606, 0.1888341511300327, -2.9377327301970566], "rotation": [[0.8134028618117267, 0.04088800358064937, -0.5802619805640643], [-0.28465329287801333, 0.8979104655424786, -0.3357518373213478], [0.5072951242224295, 0.438274980585418, 0.7420018412684118]], "fy": 496.43000000000006, "fx": 497.6166666666667}, {"id": 37, "img_name": "12/000136", "width": 640, "height": 360, "position": [0.4681924698317081, -2.3913084067747548, 2.5034428766283083], "rotation": [[-0.995160584169658, 0.0426467768689977, -0.08852496070375042], [-0.0022500386322400075, 0.8907812960264605, 0.454426649193485], [0.09823621502580777, 0.4524266713688233, -0.8863745252936871]], "fy": 464.1933333333333, "fx": 465.38}, {"id": 38, "img_name": "13/000136", "width": 640, "height": 360, "position": [3.561526464421512, -1.5172707604655518, 0.07546766229721832], "rotation": [[-0.28630236421637245, 0.07337976499554513, -0.9553252913894301], [-0.7560233760165607, 0.5952186725438696, 0.27229289364319376], [0.5886082312252567, 0.8002063320282878, -0.11493570420397607]], "fy": 529.0966666666667, "fx": 530.2966666666667}, {"id": 39, "img_name": "14/000136", "width": 640, "height": 360, "position": [-1.35376611072846, -1.7144938914600394, -2.088104154724781], "rotation": [[0.8242511736856285, -0.0789032183301059, 0.5606998124425042], [0.01905362982533981, 0.9935474984004937, 0.1118051245427704], [-0.5659036712621629, -0.08147214168673651, 0.8204360610407525]], "fy": 548.3666666666667, "fx": 549.87}, {"id": 40, "img_name": "16/000136", "width": 640, "height": 360, "position": [-2.162236007219833, -0.09091051589361879, -2.7511531387961057], "rotation": [[0.7690329751889246, 0.0020716735743964458, 0.6392057708693559], [0.25415490201737595, 0.9165593544317712, -0.3087461591727512], [-0.5865096720438016, 0.39989326209224796, 0.7043378585535173]], "fy": 474.7133333333334, "fx": 476.04333333333335}, {"id": 41, "img_name": "17/000136", "width": 640, "height": 360, "position": [2.930807962565828, 0.3908946268474956, -2.3295583072823716], "rotation": [[0.5046973739070152, 0.09463988840465799, -0.8580931485802514], [-0.6045541647385645, 0.7483055042169217, -0.27304418507465333], [0.616274942813834, 0.6565684876462994, 0.43488277808632175]], "fy": 463.5199999999999, "fx": 464.4866666666667}, {"id": 42, "img_name": "18/000136", "width": 640, "height": 360, "position": [-2.9280275747928624, -1.6712442071941038, 0.8687941672217265], "rotation": [[-0.4048572177774299, -0.0013470256557694803, 0.914378908996161], [0.36460703051196597, 0.9168217922985792, 0.16278674631527967], [-0.8385417870140516, 0.3992943787665479, -0.3706907709489672]], "fy": 513.2733333333333, "fx": 514.6}, {"id": 43, "img_name": "19/000136", "width": 640, "height": 360, "position": [-2.4100685078021646, 1.793399423283619, -2.4304027022216474], "rotation": [[0.7354897267215919, 0.009441179439737072, 0.6774700972112061], [0.5177222852186384, 0.637173908101963, -0.5709404886696244], [-0.43705660125043405, 0.7706622286680025, 0.46374692436178466]], "fy": 464.66666666666674, "fx": 465.81333333333345}, {"id": 44, "img_name": "20/000136", "width": 640, "height": 360, "position": [2.4492232253134993, -1.7943182776590825, 1.3924649872998902], "rotation": [[-0.6234771190780075, 0.038369580201906624, -0.7808995257369681], [-0.13937278078630808, 0.977342971225156, 0.15929830944291834], [0.7693188578052598, 0.2081549886512756, -0.6040032777637796]], "fy": 466.5066666666667, "fx": 467.69666666666666}, {"id": 45, "img_name": "21/000136", "width": 640, "height": 360, "position": [3.2565667786137364, -1.1584502534186987, 0.479908717351278], "rotation": [[-0.25931196646926774, -0.04847977474007453, -0.9645760939337752], [-0.45342970921447184, 0.8879362637735045, 0.07727001223923324], [0.8527360688414646, 0.4574045045490664, -0.2522346848973731]], "fy": 464.65999999999997, "fx": 465.93333333333334}, {"id": 46, "img_name": "22/000136", "width": 640, "height": 360, "position": [-1.0435964455946238, -1.9462644963504676, 2.4773438305027984], "rotation": [[-0.9331860363833651, -0.030191513396892123, 0.3581233657891103], [0.07422498766406713, 0.9587914429034172, 0.27424373287113557], [-0.35164542808267235, 0.2825021311167756, -0.892489804818671]], "fy": 504.20666666666676, "fx": 505.52333333333337}, {"id": 47, "img_name": "23/000136", "width": 640, "height": 360, "position": [-2.570044554100482, -0.7169962123865782, -1.644340955421966], "rotation": [[0.5164778532343949, 0.013711193223980704, 0.8561907759527508], [0.14171174255943658, 0.984715895321017, -0.10125385574255388], [-0.8444929864213393, 0.17362767032098678, 0.5066409689242047]], "fy": 522.82, "fx": 524.3966666666668}, {"id": 48, "img_name": "24/000136", "width": 640, "height": 360, "position": [2.4895435178959837, -1.1212920862986275, 1.2351678616285968], "rotation": [[-0.3848193431210276, -0.05845218950089314, -0.9211392133403612], [0.024983964564927432, 0.996967334620953, -0.07370138730223663], [0.9226536978457796, -0.051375428570883286, -0.38219193997854445]], "fy": 465.29333333333335, "fx": 466.51}, {"id": 49, "img_name": "25/000136", "width": 640, "height": 360, "position": [1.5457825569979842, -1.5541829631187978, -2.022089322263498], "rotation": [[0.7939811236222947, 0.0012904873156268579, -0.6079410368845501], [0.04509885120729017, 0.9971173767219088, 0.061016449354632664], [0.6062673014461066, -0.075863351762775, 0.7916341792195126]], "fy": 464.88333333333327, "fx": 465.9}, {"id": 50, "img_name": "26/000136", "width": 640, "height": 360, "position": [1.5266567158519246, -0.7980296662439664, 2.2176317456783954], "rotation": [[-0.7561120382076342, -0.04307648358234625, -0.6530229981154314], [0.13895278379968068, 0.9645134918599872, -0.22451236786348278], [0.6395206672019097, -0.26049585090721117, -0.7232946907903373]], "fy": 537.6166666666667, "fx": 539.0100000000001}, {"id": 51, "img_name": "27/000136", "width": 640, "height": 360, "position": [-0.705661536246953, -0.3934871209939504, -3.249691124198818], "rotation": [[0.9780344951559927, 0.028910407262594365, 0.2064284730747947], [0.02547484970729106, 0.966332516854817, -0.2560322681513636], [-0.20688053720658314, 0.2556671192733956, 0.944370042554167]], "fy": 618.9733333333334, "fx": 620.56}, {"id": 52, "img_name": "28/000136", "width": 640, "height": 360, "position": [2.7797333922947165, -2.2479650113367087, 1.201854790040487], "rotation": [[-0.6299624835807973, -0.02908245514988394, -0.7760808768475949], [-0.5133975989181545, 0.7653997746800624, 0.3880542643163623], [0.5827265274076274, 0.6428976693297694, -0.4971039915506273]], "fy": 464.23, "fx": 465.31}, {"id": 53, "img_name": "29/000136", "width": 640, "height": 360, "position": [2.7486859729758097, -1.2054626842810838, -1.4361328605128567], "rotation": [[0.48927896375277696, -0.07261726348943885, -0.8690988740778969], [-0.08247473055601466, 0.9882088739560159, -0.1290004794632338], [0.8682188459347205, 0.13479591513963496, 0.47752073187945526]], "fy": 465.7366666666667, "fx": 466.8433333333333}, {"id": 54, "img_name": "1/000137", "width": 640, "height": 360, "position": [-3.630776032302426, -0.6655183269721505, -0.7240392994096635], "rotation": [[0.05361535709272794, 0.023569440952799753, 0.9982834825401846], [0.6379545681226085, 0.7682889902165998, -0.052402256744471944], [-0.7682052678451083, 0.6396690876645458, 0.026155854510995377]], "fy": 464.4333333333334, "fx": 465.66666666666674}, {"id": 55, "img_name": "2/000137", "width": 640, "height": 360, "position": [-0.015390828317099425, -3.4088726125086137, 1.826962438125233], "rotation": [[-0.9971052775961956, 0.05175513051155874, -0.05570016847364144], [-0.012600670981929565, 0.609962848196354, 0.7923298309606694], [0.07498216500843073, 0.7907380534208358, -0.6075450431724816]], "fy": 465.3966666666667, "fx": 466.3833333333334}, {"id": 56, "img_name": "3/000137", "width": 640, "height": 360, "position": [-2.319466604930447, -1.430846571446427, 1.505061619101171], "rotation": [[-0.6213705421335309, -0.028746754912662178, 0.7829893051572546], [0.07421863150840367, 0.992673726867691, 0.09534411157111576], [-0.7799937708386153, 0.11735641319260137, -0.6146846848420855]], "fy": 464.78333333333336, "fx": 466.05333333333334}, {"id": 57, "img_name": "4/000137", "width": 640, "height": 360, "position": [-3.2289412314289616, -2.037398749017984, 0.6296791976705601], "rotation": [[-0.5302378550158171, -0.011956055905139285, 0.8477646519851197], [0.6361780847703066, 0.655371704379373, 0.40714292473409297], [-0.560468725139781, 0.7552119011182387, -0.3398966809249692]], "fy": 543.51, "fx": 544.7733333333334}, {"id": 58, "img_name": "5/000137", "width": 640, "height": 360, "position": [0.9540577522508276, -1.5095192636874548, 2.6032639368105737], "rotation": [[-0.931416353819447, -0.010850710690422571, -0.3637936099564589], [-0.02153429669990047, 0.9994473215542012, 0.025323928148693654], [0.363317785436403, 0.0314211598106113, -0.9311352491773521]], "fy": 464.4533333333334, "fx": 465.61333333333334}, {"id": 59, "img_name": "6/000137", "width": 640, "height": 360, "position": [1.3327291468655427, 2.1667097820496037, -2.91392440702029], "rotation": [[0.9450440277523594, -0.048841566352436555, -0.32327440515839], [-0.21353544006109657, 0.6565432147031739, -0.7234318655535806], [0.24757715325715995, 0.7527054807517984, 0.6100328305842198]], "fy": 464.06666666666666, "fx": 465.27333333333326}, {"id": 60, "img_name": "7/000137", "width": 640, "height": 360, "position": [-1.2289772388138278, -3.0125163597814426, 1.8964618358273087], "rotation": [[-0.9420919485346736, -0.03735211900542081, 0.3332680335329327], [0.18004594684857947, 0.7820722209439172, 0.5966124970227616], [-0.28292442274235124, 0.6220673937688187, -0.7300588619708638]], "fy": 464.5933333333333, "fx": 465.6500000000001}, {"id": 61, "img_name": "8/000137", "width": 640, "height": 360, "position": [0.9114719403272412, -1.2314719329671948, -2.75686692821126], "rotation": [[0.9583994797991138, 0.01778643362759985, -0.284875548992158], [-0.03324850268242081, 0.9982189446253936, -0.04953248177782783], [0.28348718174954557, 0.05694358809709665, 0.957283868382808]], "fy": 546.03, "fx": 547.4133333333334}, {"id": 62, "img_name": "9/000137", "width": 640, "height": 360, "position": [-2.29299046008282, -1.5673007381784252, 1.0455999011987844], "rotation": [[-0.317051254194409, -0.08465303079759919, 0.9446228629411426], [-0.12444401004791615, 0.9911104311944697, 0.04705092015839155], [-0.9402085616281333, -0.10263509891452444, -0.32476736658750055]], "fy": 464.9966666666667, "fx": 466.17}, {"id": 63, "img_name": "11/000137", "width": 640, "height": 360, "position": [1.873917077947606, 0.1888341511300327, -2.9377327301970566], "rotation": [[0.8134028618117267, 0.04088800358064937, -0.5802619805640643], [-0.28465329287801333, 0.8979104655424786, -0.3357518373213478], [0.5072951242224295, 0.438274980585418, 0.7420018412684118]], "fy": 496.43000000000006, "fx": 497.6166666666667}, {"id": 64, "img_name": "12/000137", "width": 640, "height": 360, "position": [0.4681924698317081, -2.3913084067747548, 2.5034428766283083], "rotation": [[-0.995160584169658, 0.0426467768689977, -0.08852496070375042], [-0.0022500386322400075, 0.8907812960264605, 0.454426649193485], [0.09823621502580777, 0.4524266713688233, -0.8863745252936871]], "fy": 464.1933333333333, "fx": 465.38}, {"id": 65, "img_name": "13/000137", "width": 640, "height": 360, "position": [3.561526464421512, -1.5172707604655518, 0.07546766229721832], "rotation": [[-0.28630236421637245, 0.07337976499554513, -0.9553252913894301], [-0.7560233760165607, 0.5952186725438696, 0.27229289364319376], [0.5886082312252567, 0.8002063320282878, -0.11493570420397607]], "fy": 529.0966666666667, "fx": 530.2966666666667}, {"id": 66, "img_name": "14/000137", "width": 640, "height": 360, "position": [-1.35376611072846, -1.7144938914600394, -2.088104154724781], "rotation": [[0.8242511736856285, -0.0789032183301059, 0.5606998124425042], [0.01905362982533981, 0.9935474984004937, 0.1118051245427704], [-0.5659036712621629, -0.08147214168673651, 0.8204360610407525]], "fy": 548.3666666666667, "fx": 549.87}, {"id": 67, "img_name": "16/000137", "width": 640, "height": 360, "position": [-2.162236007219833, -0.09091051589361879, -2.7511531387961057], "rotation": [[0.7690329751889246, 0.0020716735743964458, 0.6392057708693559], [0.25415490201737595, 0.9165593544317712, -0.3087461591727512], [-0.5865096720438016, 0.39989326209224796, 0.7043378585535173]], "fy": 474.7133333333334, "fx": 476.04333333333335}, {"id": 68, "img_name": "17/000137", "width": 640, "height": 360, "position": [2.930807962565828, 0.3908946268474956, -2.3295583072823716], "rotation": [[0.5046973739070152, 0.09463988840465799, -0.8580931485802514], [-0.6045541647385645, 0.7483055042169217, -0.27304418507465333], [0.616274942813834, 0.6565684876462994, 0.43488277808632175]], "fy": 463.5199999999999, "fx": 464.4866666666667}, {"id": 69, "img_name": "18/000137", "width": 640, "height": 360, "position": [-2.9280275747928624, -1.6712442071941038, 0.8687941672217265], "rotation": [[-0.4048572177774299, -0.0013470256557694803, 0.914378908996161], [0.36460703051196597, 0.9168217922985792, 0.16278674631527967], [-0.8385417870140516, 0.3992943787665479, -0.3706907709489672]], "fy": 513.2733333333333, "fx": 514.6}, {"id": 70, "img_name": "19/000137", "width": 640, "height": 360, "position": [-2.4100685078021646, 1.793399423283619, -2.4304027022216474], "rotation": [[0.7354897267215919, 0.009441179439737072, 0.6774700972112061], [0.5177222852186384, 0.637173908101963, -0.5709404886696244], [-0.43705660125043405, 0.7706622286680025, 0.46374692436178466]], "fy": 464.66666666666674, "fx": 465.81333333333345}, {"id": 71, "img_name": "20/000137", "width": 640, "height": 360, "position": [2.4492232253134993, -1.7943182776590825, 1.3924649872998902], "rotation": [[-0.6234771190780075, 0.038369580201906624, -0.7808995257369681], [-0.13937278078630808, 0.977342971225156, 0.15929830944291834], [0.7693188578052598, 0.2081549886512756, -0.6040032777637796]], "fy": 466.5066666666667, "fx": 467.69666666666666}, {"id": 72, "img_name": "21/000137", "width": 640, "height": 360, "position": [3.2565667786137364, -1.1584502534186987, 0.479908717351278], "rotation": [[-0.25931196646926774, -0.04847977474007453, -0.9645760939337752], [-0.45342970921447184, 0.8879362637735045, 0.07727001223923324], [0.8527360688414646, 0.4574045045490664, -0.2522346848973731]], "fy": 464.65999999999997, "fx": 465.93333333333334}, {"id": 73, "img_name": "22/000137", "width": 640, "height": 360, "position": [-1.0435964455946238, -1.9462644963504676, 2.4773438305027984], "rotation": [[-0.9331860363833651, -0.030191513396892123, 0.3581233657891103], [0.07422498766406713, 0.9587914429034172, 0.27424373287113557], [-0.35164542808267235, 0.2825021311167756, -0.892489804818671]], "fy": 504.20666666666676, "fx": 505.52333333333337}, {"id": 74, "img_name": "23/000137", "width": 640, "height": 360, "position": [-2.570044554100482, -0.7169962123865782, -1.644340955421966], "rotation": [[0.5164778532343949, 0.013711193223980704, 0.8561907759527508], [0.14171174255943658, 0.984715895321017, -0.10125385574255388], [-0.8444929864213393, 0.17362767032098678, 0.5066409689242047]], "fy": 522.82, "fx": 524.3966666666668}, {"id": 75, "img_name": "24/000137", "width": 640, "height": 360, "position": [2.4895435178959837, -1.1212920862986275, 1.2351678616285968], "rotation": [[-0.3848193431210276, -0.05845218950089314, -0.9211392133403612], [0.024983964564927432, 0.996967334620953, -0.07370138730223663], [0.9226536978457796, -0.051375428570883286, -0.38219193997854445]], "fy": 465.29333333333335, "fx": 466.51}, {"id": 76, "img_name": "25/000137", "width": 640, "height": 360, "position": [1.5457825569979842, -1.5541829631187978, -2.022089322263498], "rotation": [[0.7939811236222947, 0.0012904873156268579, -0.6079410368845501], [0.04509885120729017, 0.9971173767219088, 0.061016449354632664], [0.6062673014461066, -0.075863351762775, 0.7916341792195126]], "fy": 464.88333333333327, "fx": 465.9}, {"id": 77, "img_name": "26/000137", "width": 640, "height": 360, "position": [1.5266567158519246, -0.7980296662439664, 2.2176317456783954], "rotation": [[-0.7561120382076342, -0.04307648358234625, -0.6530229981154314], [0.13895278379968068, 0.9645134918599872, -0.22451236786348278], [0.6395206672019097, -0.26049585090721117, -0.7232946907903373]], "fy": 537.6166666666667, "fx": 539.0100000000001}, {"id": 78, "img_name": "27/000137", "width": 640, "height": 360, "position": [-0.705661536246953, -0.3934871209939504, -3.249691124198818], "rotation": [[0.9780344951559927, 0.028910407262594365, 0.2064284730747947], [0.02547484970729106, 0.966332516854817, -0.2560322681513636], [-0.20688053720658314, 0.2556671192733956, 0.944370042554167]], "fy": 618.9733333333334, "fx": 620.56}, {"id": 79, "img_name": "28/000137", "width": 640, "height": 360, "position": [2.7797333922947165, -2.2479650113367087, 1.201854790040487], "rotation": [[-0.6299624835807973, -0.02908245514988394, -0.7760808768475949], [-0.5133975989181545, 0.7653997746800624, 0.3880542643163623], [0.5827265274076274, 0.6428976693297694, -0.4971039915506273]], "fy": 464.23, "fx": 465.31}, {"id": 80, "img_name": "29/000137", "width": 640, "height": 360, "position": [2.7486859729758097, -1.2054626842810838, -1.4361328605128567], "rotation": [[0.48927896375277696, -0.07261726348943885, -0.8690988740778969], [-0.08247473055601466, 0.9882088739560159, -0.1290004794632338], [0.8682188459347205, 0.13479591513963496, 0.47752073187945526]], "fy": 465.7366666666667, "fx": 466.8433333333333}, {"id": 81, "img_name": "1/000138", "width": 640, "height": 360, "position": [-3.630776032302426, -0.6655183269721505, -0.7240392994096635], "rotation": [[0.05361535709272794, 0.023569440952799753, 0.9982834825401846], [0.6379545681226085, 0.7682889902165998, -0.052402256744471944], [-0.7682052678451083, 0.6396690876645458, 0.026155854510995377]], "fy": 464.4333333333334, "fx": 465.66666666666674}, {"id": 82, "img_name": "2/000138", "width": 640, "height": 360, "position": [-0.015390828317099425, -3.4088726125086137, 1.826962438125233], "rotation": [[-0.9971052775961956, 0.05175513051155874, -0.05570016847364144], [-0.012600670981929565, 0.609962848196354, 0.7923298309606694], [0.07498216500843073, 0.7907380534208358, -0.6075450431724816]], "fy": 465.3966666666667, "fx": 466.3833333333334}, {"id": 83, "img_name": "3/000138", "width": 640, "height": 360, "position": [-2.319466604930447, -1.430846571446427, 1.505061619101171], "rotation": [[-0.6213705421335309, -0.028746754912662178, 0.7829893051572546], [0.07421863150840367, 0.992673726867691, 0.09534411157111576], [-0.7799937708386153, 0.11735641319260137, -0.6146846848420855]], "fy": 464.78333333333336, "fx": 466.05333333333334}, {"id": 84, "img_name": "4/000138", "width": 640, "height": 360, "position": [-3.2289412314289616, -2.037398749017984, 0.6296791976705601], "rotation": [[-0.5302378550158171, -0.011956055905139285, 0.8477646519851197], [0.6361780847703066, 0.655371704379373, 0.40714292473409297], [-0.560468725139781, 0.7552119011182387, -0.3398966809249692]], "fy": 543.51, "fx": 544.7733333333334}, {"id": 85, "img_name": "5/000138", "width": 640, "height": 360, "position": [0.9540577522508276, -1.5095192636874548, 2.6032639368105737], "rotation": [[-0.931416353819447, -0.010850710690422571, -0.3637936099564589], [-0.02153429669990047, 0.9994473215542012, 0.025323928148693654], [0.363317785436403, 0.0314211598106113, -0.9311352491773521]], "fy": 464.4533333333334, "fx": 465.61333333333334}, {"id": 86, "img_name": "6/000138", "width": 640, "height": 360, "position": [1.3327291468655427, 2.1667097820496037, -2.91392440702029], "rotation": [[0.9450440277523594, -0.048841566352436555, -0.32327440515839], [-0.21353544006109657, 0.6565432147031739, -0.7234318655535806], [0.24757715325715995, 0.7527054807517984, 0.6100328305842198]], "fy": 464.06666666666666, "fx": 465.27333333333326}, {"id": 87, "img_name": "7/000138", "width": 640, "height": 360, "position": [-1.2289772388138278, -3.0125163597814426, 1.8964618358273087], "rotation": [[-0.9420919485346736, -0.03735211900542081, 0.3332680335329327], [0.18004594684857947, 0.7820722209439172, 0.5966124970227616], [-0.28292442274235124, 0.6220673937688187, -0.7300588619708638]], "fy": 464.5933333333333, "fx": 465.6500000000001}, {"id": 88, "img_name": "8/000138", "width": 640, "height": 360, "position": [0.9114719403272412, -1.2314719329671948, -2.75686692821126], "rotation": [[0.9583994797991138, 0.01778643362759985, -0.284875548992158], [-0.03324850268242081, 0.9982189446253936, -0.04953248177782783], [0.28348718174954557, 0.05694358809709665, 0.957283868382808]], "fy": 546.03, "fx": 547.4133333333334}, {"id": 89, "img_name": "9/000138", "width": 640, "height": 360, "position": [-2.29299046008282, -1.5673007381784252, 1.0455999011987844], "rotation": [[-0.317051254194409, -0.08465303079759919, 0.9446228629411426], [-0.12444401004791615, 0.9911104311944697, 0.04705092015839155], [-0.9402085616281333, -0.10263509891452444, -0.32476736658750055]], "fy": 464.9966666666667, "fx": 466.17}, {"id": 90, "img_name": "11/000138", "width": 640, "height": 360, "position": [1.873917077947606, 0.1888341511300327, -2.9377327301970566], "rotation": [[0.8134028618117267, 0.04088800358064937, -0.5802619805640643], [-0.28465329287801333, 0.8979104655424786, -0.3357518373213478], [0.5072951242224295, 0.438274980585418, 0.7420018412684118]], "fy": 496.43000000000006, "fx": 497.6166666666667}, {"id": 91, "img_name": "12/000138", "width": 640, "height": 360, "position": [0.4681924698317081, -2.3913084067747548, 2.5034428766283083], "rotation": [[-0.995160584169658, 0.0426467768689977, -0.08852496070375042], [-0.0022500386322400075, 0.8907812960264605, 0.454426649193485], [0.09823621502580777, 0.4524266713688233, -0.8863745252936871]], "fy": 464.1933333333333, "fx": 465.38}, {"id": 92, "img_name": "13/000138", "width": 640, "height": 360, "position": [3.561526464421512, -1.5172707604655518, 0.07546766229721832], "rotation": [[-0.28630236421637245, 0.07337976499554513, -0.9553252913894301], [-0.7560233760165607, 0.5952186725438696, 0.27229289364319376], [0.5886082312252567, 0.8002063320282878, -0.11493570420397607]], "fy": 529.0966666666667, "fx": 530.2966666666667}, {"id": 93, "img_name": "14/000138", "width": 640, "height": 360, "position": [-1.35376611072846, -1.7144938914600394, -2.088104154724781], "rotation": [[0.8242511736856285, -0.0789032183301059, 0.5606998124425042], [0.01905362982533981, 0.9935474984004937, 0.1118051245427704], [-0.5659036712621629, -0.08147214168673651, 0.8204360610407525]], "fy": 548.3666666666667, "fx": 549.87}, {"id": 94, "img_name": "16/000138", "width": 640, "height": 360, "position": [-2.162236007219833, -0.09091051589361879, -2.7511531387961057], "rotation": [[0.7690329751889246, 0.0020716735743964458, 0.6392057708693559], [0.25415490201737595, 0.9165593544317712, -0.3087461591727512], [-0.5865096720438016, 0.39989326209224796, 0.7043378585535173]], "fy": 474.7133333333334, "fx": 476.04333333333335}, {"id": 95, "img_name": "17/000138", "width": 640, "height": 360, "position": [2.930807962565828, 0.3908946268474956, -2.3295583072823716], "rotation": [[0.5046973739070152, 0.09463988840465799, -0.8580931485802514], [-0.6045541647385645, 0.7483055042169217, -0.27304418507465333], [0.616274942813834, 0.6565684876462994, 0.43488277808632175]], "fy": 463.5199999999999, "fx": 464.4866666666667}, {"id": 96, "img_name": "18/000138", "width": 640, "height": 360, "position": [-2.9280275747928624, -1.6712442071941038, 0.8687941672217265], "rotation": [[-0.4048572177774299, -0.0013470256557694803, 0.914378908996161], [0.36460703051196597, 0.9168217922985792, 0.16278674631527967], [-0.8385417870140516, 0.3992943787665479, -0.3706907709489672]], "fy": 513.2733333333333, "fx": 514.6}, {"id": 97, "img_name": "19/000138", "width": 640, "height": 360, "position": [-2.4100685078021646, 1.793399423283619, -2.4304027022216474], "rotation": [[0.7354897267215919, 0.009441179439737072, 0.6774700972112061], [0.5177222852186384, 0.637173908101963, -0.5709404886696244], [-0.43705660125043405, 0.7706622286680025, 0.46374692436178466]], "fy": 464.66666666666674, "fx": 465.81333333333345}, {"id": 98, "img_name": "20/000138", "width": 640, "height": 360, "position": [2.4492232253134993, -1.7943182776590825, 1.3924649872998902], "rotation": [[-0.6234771190780075, 0.038369580201906624, -0.7808995257369681], [-0.13937278078630808, 0.977342971225156, 0.15929830944291834], [0.7693188578052598, 0.2081549886512756, -0.6040032777637796]], "fy": 466.5066666666667, "fx": 467.69666666666666}, {"id": 99, "img_name": "21/000138", "width": 640, "height": 360, "position": [3.2565667786137364, -1.1584502534186987, 0.479908717351278], "rotation": [[-0.25931196646926774, -0.04847977474007453, -0.9645760939337752], [-0.45342970921447184, 0.8879362637735045, 0.07727001223923324], [0.8527360688414646, 0.4574045045490664, -0.2522346848973731]], "fy": 464.65999999999997, "fx": 465.93333333333334}, {"id": 100, "img_name": "22/000138", "width": 640, "height": 360, "position": [-1.0435964455946238, -1.9462644963504676, 2.4773438305027984], "rotation": [[-0.9331860363833651, -0.030191513396892123, 0.3581233657891103], [0.07422498766406713, 0.9587914429034172, 0.27424373287113557], [-0.35164542808267235, 0.2825021311167756, -0.892489804818671]], "fy": 504.20666666666676, "fx": 505.52333333333337}, {"id": 101, "img_name": "23/000138", "width": 640, "height": 360, "position": [-2.570044554100482, -0.7169962123865782, -1.644340955421966], "rotation": [[0.5164778532343949, 0.013711193223980704, 0.8561907759527508], [0.14171174255943658, 0.